   0.999912  0.00821084  -0.0104142  0.00120211
-0.00820424    0.999966  0.00067612 -0.00349599
  0.0104194 -0.00059062    0.999946 -0.00451785
          0           0           0           1