   0.999973 -0.00558643  0.00481421 -0.00144087
 0.00556985    0.999979  0.00345111 -0.00413469
-0.00483338  -0.0034242    0.999982  0.00215058
          0           0           0           1