     0.99992   0.00991101  -0.00790211  0.000603629
 -0.00992609     0.999949  -0.00187214 -0.000763977
  0.00788315   0.00195043     0.999967  -0.00278158
           0            0            0            1