    0.999984  -0.00498109  -0.00255594 -0.000328012
  0.00498328     0.999987  0.000848369 -0.000273744
  0.00255168 -0.000861092     0.999996 -0.000667276
           0            0            0            1