   0.999974  0.00153728  0.00705873 0.000207938
-0.00154987    0.999997  0.00178997 -0.00331433
-0.00705599  -0.0018008    0.999973 -0.00247865
          0           0           0           1