    0.999965   0.00712255  -0.00439209  -0.00256658
 -0.00712324     0.999975 -0.000141169 -0.000447329
  0.00439097   0.00017245      0.99999  -0.00231205
           0            0            0            1