   0.999971  0.00322525 -0.00695732 -0.00130155
-0.00323804    0.999993  -0.0018284  -0.0023122
 0.00695138  0.00185087    0.999974 -0.00411035
          0           0           0           1