    0.999998  -0.00182592  0.000442369 -0.000840895
  0.00182567     0.999998  0.000566142  4.30168e-05
-0.000443402 -0.000565333            1 -0.000373712
           0            0            0            1