    0.999957   0.00705122   0.00609976   0.00230439
 -0.00705654     0.999975  0.000850665  -0.00415222
 -0.00609361 -0.000893671     0.999981  -0.00243045
           0            0            0            1