    0.999994  -0.00334651  -0.00124561   0.00247179
  0.00334414     0.999993  -0.00189746 -0.000871718
  0.00125195   0.00189328     0.999997   0.00111494
           0            0            0            1