    0.999986  -0.00447647   0.00287273  -0.00263049
  0.00447513      0.99999  0.000473983 -0.000181232
 -0.00287482 -0.000461121     0.999996 -0.000345387
           0            0            0            1