    0.999923  -0.00334053    0.0119232  0.000770334
  0.00333117     0.999994  0.000804644 -9.34677e-05
  -0.0119258 -0.000764864     0.999929  -0.00264459
           0            0            0            1